2104072951
-79372980
-429744395
249903820
1493210406
524248307
-845762691
1514023142
2071651112
-1705819372
240581705
966068995
-1723140776
-1484012536
-991385385
-715446133
1883027519
-85404545
263618890
-95226574
998032146
-169318477
798242447
-412548023
1829071487
-561804064
-1313425215
1507351889
-847004760
216197106
1743606734
744949201
-1805474961
1477804416
1044214362
-1644112791
2143995380
1330651641
-1296225565
163832102
-1001797029
1659546652
-475595995
401811222
767303378
431237805
-2107419201
-1720112353
-1690273583
-745699995
384493077
-806503412
1051497891
-1530523351
-1750159752
-1481695256
-1720778970
901017471
-1922997116
-1043316081
-46016306
-1430687427
-1982877751
1302509953
-1966147345
-1048448894
1269509805
-423841543
-207236549
339203562
1225155985
-1849158082
468185480
-777929476
-1250034639
-1184263368
-1827073066
-449582105
1106111824
-1167904955
1993087120
722244206
-2141746029
1006610765
-306818030
-1124039649
-511211859
-1391403245
172426859
-159587894
-380026948
-946022962
-1854342557
-2141886927
1550267378
-889571337
695242943
-2099361284
-1798422921
383147108
